1049
1417
1866
3373
29556
35690
38146
43043
44987
52908
54093
57347
58078
60590
70324
78172
82453
87288
88590
91255
93982
95864
99929
105157
108196
110383
112517
117200
117791
119223
121078
123796
124971
125260
135396
140889
142598
144262
144499
173009
173527
186694
186799
187537
187591
187665
191246
191367
197794
198585
203781
206623
206883
212142
214212
217077
217581
221740
229743
245032
254361
262714
265373
270086
274287
275561
280186
282336
285010
304252
307475
308079
320417
329837
334206
334289
340335
342112
347375
359671
362729
371271
377249
387520
391023
416815
449086
449439
449672
449783
449922
449973
468669
468693
473163
577521
578352
631126
635223
635275
635818
637803
653162
653289
663521
664255
668885
683209
696277
696803
706184
751451
766747
773057
774407
774803
775118
775595
775941
776584
776771
777206
777495
780964
799581
800432
804401
807222
821649
822392
824027
824780
835493
845108
845153
846908
847553
854442
872733
884746
893785
895867
895950
895978
896507
917108
917956
965627
1075120
1237034
1237066
1240040
1242320
1250107
1250610
1255978
1256003
1256304
1263332
1273315
1282554
1288930
1293179
1293551
1298887
1300220
1300684
1306732
1308012
1323523
1338289
1412703
1429752
1431140
1431169
1646329
1653128
1685091
1702462
1954195
1970190
1985854
1999899
2029951
2032116
2078233
2099673
2141775
2341266
2382849
2463474
3213339
4117448
4198036
4393367
4428305
10148079
10168480
10397850
10783517
12886782
39255926
46937326
