1329
3728
3993
4921
5061
5218
5483
5763
7920
8959
12835
16249
20567
22044
27925
29836
34617
34731
37637
38181
42214
48775
49491
52066
53673
59267
59666
61168
63698
64290
68554
68578
70591
70885
70984
74775
76633
77412
89528
93058
95717
104410
105795
106132
107182
109445
117480
120324
122636
122709
122934
126720
131137
134086
134990
136203
136606
140681
143124
143185
145055
149769
151663
153119
154354
155433
155844
170453
175128
183201
188778
196415
199991
201783
205968
207597
211931
212891
220049
222639
227914
228853
229132
233087
233649
235702
240124
241725
249717
253130
260171
262813
279010
282538
282960
288041
289843
292834
297093
299079
303499
305240
308816
314544
314910
316597
319088
320400
321410
326715
328440
335089
336189
338344
343120
349402
354306
356033
359461
361346
361485
363162
364438
365133
374570
375319
380966
400706
402963
404379
405542
409924
410000
411581
420137
422758
425265
425670
431388
431874
440269
447609
449523
455754
457587
460787
463362
470079
484075
485201
490335
495619
498935
504280
506038
513348
515065
520394
534585
538057
540437
548382
563742
565394
570684
571616
572606
586287
590374
590382
594572
601140
610827
613554
617984
645298
649354
649998
655413
663628
667281
669469
674069
685131
690093
691155
691619
692184
692306
695385
728164
732439
736382
739952
755550
757151
758702
761242
762190
764982
765201
784483
785537
790307
792355
800471
802774
810581
840008
845683
848220
858443
859601
867350
867848
884284
889237
889340
889992
899177
899440
905626
909672
924471
935460
937074
949664
951346
951357
955657
960985
964299
967999
979003
982928
1005976
1024195
1041117
1043063
1044550
1047268
1047540
1061436
1062408
1067139
1073667
1073960
1078637
1090490
1093864
1104388
1108192
1122870
1128894
1139640
1146382
1154834
1165063
1170474
1174082
1180211
1183015
1196154
1208266
1208807
1214549
1240174
1241791
1243408
1251651
1260124
1261761
1276161
1279544
1282952
1283316
1291815
1304573
1308454
1322476
1332039
1341129
1351891
1357196
1358089
1368808
1374770
1401225
1410766
1418897
1419526
1421254
1430425
1431796
1433277
1447737
1454908
1462819
1471144
1477522
1496010
1508963
1511322
1513829
1516478
1518533
1519974
1537583
1549953
1559454
1577128
1594241
1603580
1606085
1615809
1648575
1656477
1668051
1672098
1680186
1689917
1706241
1725677
1731828
1733023
1765874
1808415
1814718
1822367
1822502
1827666
1835466
1847686
1851349
1859564
1884756
1935019
1939777
1942995
1952572
1974538
1987678
1993470
2001325
2007827
2033428
2038205
2039653
2069819
2074832
2076342
2081669
2086758
2096458
2103877
2104833
2116920
2127915
2132587
2172501
2181032
2226818
2262248
2287704
2341557
2377404
2394725
2402354
2410387
2426561
2433632
2457946
2466735
2468369
2471321
2495945
2702206
2809428
2843030
3117210
3172389
3318187
3318956
3324121
3333084
3335564
3347474
3351247
3357362
3360618
3374135
3383046
3397962
3823278
5080573
8915580
9139944
9153499
9545101
10316233
10491344
10491741
10503784
10508384
10508385
10534275
10539644
10558298
10566164
11645239
11812825
12215675
12513812
12850709
12893275
17899810
17934199
17964767
17981794
18354066
18679684
21636673
21693390
22934838
23393065
23393066
23413490
29229494
34132501
34391466
42409428
44624019
45120634
46282617
47180631
47192203
47496038
47527854
47547846
47737926
48299931
51265510
51813021
52239013
52516101
52573730
52707153
53218821
53479434
53518316
53618374
53649382
54327928
56289229
56463422
56882785